Accuracy: 0.14423076923076922
Macro F1: 0.06369887228299882

Per-class F1 and support:
               precision    recall  f1-score   support

            _      0.000     0.000     0.000         3
          acl      0.000     0.000     0.000         2
    acl:relcl      0.000     0.000     0.000         4
        advcl      0.000     0.000     0.000         9
  advcl:relcl      0.000     0.000     0.000         0
       advmod      0.129     0.250     0.170        16
         amod      0.086     0.158     0.111        19
        appos      0.000     0.000     0.000         0
          aux      0.000     0.000     0.000         7
     aux:pass      0.000     0.000     0.000         3
         case      0.074     0.080     0.077        25
           cc      0.200     0.143     0.167         7
        ccomp      0.000     0.000     0.000         2
     compound      0.000     0.000     0.000        13
 compound:prt      0.000     0.000     0.000         0
         conj      0.250     0.167     0.200         6
          cop      0.100     0.200     0.133         5
        csubj      0.000     0.000     0.000         0
          det      0.111     0.167     0.133        24
   det:predet      0.000     0.000     0.000         0
    discourse      0.000     0.000     0.000         0
         expl      0.000     0.000     0.000         1
        fixed      0.000     0.000     0.000         0
         flat      0.429     0.250     0.316        12
         iobj      0.000     0.000     0.000         2
         mark      0.000     0.000     0.000        14
         nmod      0.000     0.000     0.000         6
    nmod:poss      0.000     0.000     0.000         3
nmod:unmarked      0.000     0.000     0.000         0
        nsubj      0.083     0.095     0.089        21
  nsubj:outer      0.000     0.000     0.000         0
   nsubj:pass      0.000     0.000     0.000         2
       nummod      0.000     0.000     0.000         2
          obj      0.000     0.000     0.000        13
          obl      0.154     0.133     0.143        15
    obl:agent      0.000     0.000     0.000         1
 obl:unmarked      0.000     0.000     0.000         1
    parataxis      0.000     0.000     0.000         1
        punct      0.447     0.438     0.442        48
         root      0.071     0.048     0.057        21
     vocative      0.000     0.000     0.000         0
        xcomp      0.000     0.000     0.000         4

     accuracy                          0.144       312
    macro avg      0.051     0.051     0.049       312
 weighted avg      0.140     0.144     0.138       312
