Accuracy: 0.11858974358974358
Macro F1: 0.05378624154654714

Per-class F1 and support:
               precision    recall  f1-score   support

            _      0.000     0.000     0.000         3
          acl      0.000     0.000     0.000         2
    acl:relcl      0.000     0.000     0.000         4
        advcl      0.000     0.000     0.000         9
  advcl:relcl      0.000     0.000     0.000         0
       advmod      0.077     0.125     0.095        16
         amod      0.062     0.105     0.078        19
        appos      0.000     0.000     0.000         0
          aux      0.000     0.000     0.000         7
     aux:pass      0.000     0.000     0.000         3
         case      0.042     0.040     0.041        25
           cc      0.333     0.143     0.200         7
        ccomp      0.000     0.000     0.000         2
     compound      0.000     0.000     0.000        13
 compound:prt      0.000     0.000     0.000         0
         conj      0.200     0.167     0.182         6
          cop      0.091     0.200     0.125         5
        csubj      0.000     0.000     0.000         0
          det      0.154     0.167     0.160        24
   det:predet      0.000     0.000     0.000         0
    discourse      0.000     0.000     0.000         0
         expl      0.000     0.000     0.000         1
        fixed      0.000     0.000     0.000         0
         flat      0.286     0.167     0.211        12
         iobj      0.000     0.000     0.000         2
         mark      0.077     0.071     0.074        14
         nmod      0.000     0.000     0.000         6
    nmod:poss      0.000     0.000     0.000         3
nmod:unmarked      0.000     0.000     0.000         0
        nsubj      0.038     0.048     0.043        21
  nsubj:outer      0.000     0.000     0.000         0
   nsubj:pass      0.000     0.000     0.000         2
       nummod      0.000     0.000     0.000         2
          obj      0.000     0.000     0.000        13
          obl      0.056     0.067     0.061        15
    obl:agent      0.000     0.000     0.000         1
 obl:unmarked      0.000     0.000     0.000         1
    parataxis      0.000     0.000     0.000         1
        punct      0.514     0.396     0.447        48
         root      0.077     0.048     0.059        21
     vocative      0.000     0.000     0.000         0
        xcomp      0.000     0.000     0.000         4

     accuracy                          0.119       312
    macro avg      0.048     0.041     0.042       312
 weighted avg      0.140     0.119     0.125       312
