Accuracy: 0.13782051282051283
Macro F1: 0.012691570881226053

Per-class F1 and support:
               precision    recall  f1-score   support

            _      0.000     0.000     0.000         3
          acl      0.000     0.000     0.000         2
    acl:relcl      0.000     0.000     0.000         4
        advcl      0.000     0.000     0.000         9
  advcl:relcl      0.000     0.000     0.000         0
       advmod      0.000     0.000     0.000        16
         amod      0.000     0.000     0.000        19
        appos      0.000     0.000     0.000         0
          aux      0.000     0.000     0.000         7
     aux:pass      0.000     0.000     0.000         3
         case      0.088     0.320     0.138        25
           cc      0.000     0.000     0.000         7
        ccomp      0.000     0.000     0.000         2
     compound      0.000     0.000     0.000        13
 compound:prt      0.000     0.000     0.000         0
         conj      0.000     0.000     0.000         6
          cop      0.000     0.000     0.000         5
        csubj      0.000     0.000     0.000         0
          det      0.000     0.000     0.000        24
   det:predet      0.000     0.000     0.000         0
    discourse      0.000     0.000     0.000         0
         expl      0.000     0.000     0.000         1
        fixed      0.000     0.000     0.000         0
         flat      0.000     0.000     0.000        12
         iobj      0.000     0.000     0.000         2
         mark      0.000     0.000     0.000        14
         nmod      0.000     0.000     0.000         6
    nmod:poss      0.000     0.000     0.000         3
nmod:unmarked      0.000     0.000     0.000         0
        nsubj      0.000     0.000     0.000        21
  nsubj:outer      0.000     0.000     0.000         0
   nsubj:pass      0.000     0.000     0.000         2
       nummod      0.000     0.000     0.000         2
          obj      0.000     0.000     0.000        13
          obl      0.000     0.000     0.000        15
    obl:agent      0.000     0.000     0.000         1
 obl:unmarked      0.000     0.000     0.000         1
    parataxis      0.000     0.000     0.000         1
        punct      0.164     0.729     0.268        48
         root      0.000     0.000     0.000        21
     vocative      0.000     0.000     0.000         0
        xcomp      0.000     0.000     0.000         4

     accuracy                          0.138       312
    macro avg      0.006     0.025     0.010       312
 weighted avg      0.032     0.138     0.052       312
