Accuracy: 0.9910371318822023
Macro F1: 0.9943157760763244

Per-class F1 and support:
               precision    recall  f1-score   support

            _      1.000     0.917     0.957        12
          acl      1.000     1.000     1.000        15
    acl:relcl      1.000     1.000     1.000         7
        advcl      1.000     1.000     1.000        29
  advcl:relcl      1.000     1.000     1.000         3
       advmod      1.000     0.986     0.993        72
         amod      1.000     1.000     1.000        81
        appos      1.000     1.000     1.000        14
          aux      0.978     0.957     0.968        47
     aux:pass      1.000     1.000     1.000        10
         case      1.000     0.993     0.997       147
           cc      1.000     1.000     1.000        46
        ccomp      1.000     1.000     1.000        21
     compound      0.984     0.968     0.976        62
 compound:prt      1.000     1.000     1.000         5
         conj      1.000     1.000     1.000        54
          cop      1.000     1.000     1.000        36
        csubj      1.000     1.000     1.000         3
          det      0.955     0.985     0.970       130
   det:predet      1.000     1.000     1.000         1
    discourse      1.000     1.000     1.000         5
         expl      1.000     1.000     1.000         5
        fixed      1.000     1.000     1.000         4
         flat      1.000     1.000     1.000        34
         iobj      1.000     1.000     1.000         2
         mark      1.000     1.000     1.000        61
         nmod      1.000     1.000     1.000        69
    nmod:poss      1.000     1.000     1.000        20
nmod:unmarked      1.000     1.000     1.000         3
        nsubj      0.990     0.971     0.981       104
  nsubj:outer      1.000     1.000     1.000         3
   nsubj:pass      0.909     1.000     0.952        10
       nummod      1.000     1.000     1.000        13
          obj      1.000     0.985     0.993        68
          obl      1.000     1.000     1.000        63
    obl:agent      1.000     1.000     1.000         7
 obl:unmarked      1.000     1.000     1.000         4
    parataxis      1.000     1.000     1.000        17
        punct      0.990     0.995     0.992       191
         root      0.969     1.000     0.984        63
     vocative      1.000     1.000     1.000         1
        xcomp      1.000     1.000     1.000        20

     accuracy                          0.991      1562
    macro avg      0.995     0.994     0.994      1562
 weighted avg      0.991     0.991     0.991      1562
