Accuracy: 0.13038047155571747
Macro F1: 0.012067802329569381

Per-class F1 and support:
               precision    recall  f1-score   support

          acl      0.000     0.000     0.000      1158
    acl:relcl      0.000     0.000     0.000      1419
        advcl      0.000     0.000     0.000      2711
  advcl:relcl      0.000     0.000     0.000        71
       advmod      0.000     0.000     0.000      7592
         amod      0.126     0.121     0.124      7676
        appos      0.000     0.000     0.000      1301
          aux      0.000     0.000     0.000      4234
     aux:pass      0.000     0.000     0.000      1076
         case      0.000     0.000     0.000     12940
           cc      0.000     0.000     0.000      5075
   cc:preconj      0.000     0.000     0.000        70
        ccomp      0.000     0.000     0.000      1395
     compound      0.000     0.000     0.000      5926
 compound:prt      0.000     0.000     0.000       529
         conj      0.000     0.000     0.000      5746
          cop      0.000     0.000     0.000      3248
        csubj      0.000     0.000     0.000       195
  csubj:outer      0.000     0.000     0.000         5
   csubj:pass      0.000     0.000     0.000         5
          dep      0.000     0.000     0.000         1
          det      0.000     0.000     0.000     12300
   det:predet      0.000     0.000     0.000       135
    discourse      0.000     0.000     0.000       618
   dislocated      0.000     0.000     0.000         2
         expl      0.000     0.000     0.000       432
        fixed      0.000     0.000     0.000       409
         flat      0.000     0.000     0.000      1494
     goeswith      0.000     0.000     0.000       122
         iobj      0.000     0.000     0.000       483
         list      0.000     0.000     0.000       425
         mark      0.000     0.000     0.000      5105
         nmod      0.000     0.000     0.000      5450
    nmod:desc      0.000     0.000     0.000         5
    nmod:poss      0.000     0.000     0.000      2344
nmod:unmarked      0.000     0.000     0.000       420
        nsubj      0.000     0.000     0.000     11359
  nsubj:outer      0.000     0.000     0.000       138
   nsubj:pass      0.000     0.000     0.000       955
       nummod      0.000     0.000     0.000      2017
          obj      0.000     0.000     0.000      7452
          obl      0.000     0.000     0.000      6692
    obl:agent      0.000     0.000     0.000       252
 obl:unmarked      0.000     0.000     0.000       730
    parataxis      0.000     0.000     0.000       989
        punct      0.120     0.894     0.212     18304
   reparandum      0.000     0.000     0.000        22
         root      0.270     0.266     0.268     10324
     vocative      0.000     0.000     0.000       118
        xcomp      0.000     0.000     0.000      2235

     accuracy                          0.130    153704
    macro avg      0.010     0.026     0.012    153704
 weighted avg      0.039     0.130     0.049    153704
