Accuracy: 0.7892059903927663
Macro F1: 0.5728657419469253

Per-class F1 and support:
              precision    recall  f1-score   support

        ROOT      0.649     0.666     0.657       748
         acl      0.250     0.174     0.205        23
       acomp      0.695     0.739     0.716       111
       advcl      0.447     0.450     0.449       151
      advmod      0.829     0.826     0.827       568
       agent      1.000     1.000     1.000         1
        amod      0.695     0.659     0.676       287
       appos      0.132     0.200     0.159        50
        attr      0.510     0.451     0.479       113
         aux      0.767     0.723     0.744       397
     auxpass      0.100     0.097     0.098        31
        case      0.864     0.950     0.905        40
          cc      0.997     0.991     0.994       316
       ccomp      0.415     0.335     0.371       242
    compound      0.472     0.397     0.431       194
        conj      0.590     0.585     0.587       253
       csubj      0.000     0.000     0.000         4
      dative      0.846     0.611     0.710        18
         dep      0.081     0.188     0.113        16
         det      0.939     0.924     0.932       714
        dobj      0.667     0.708     0.687       459
        expl      1.000     0.944     0.971        18
        intj      0.828     0.898     0.862       177
        mark      0.705     0.718     0.712       103
         neg      0.978     0.936     0.957        94
        nmod      0.000     0.000     0.000        11
    npadvmod      0.389     0.407     0.398        86
       nsubj      0.849     0.852     0.850      1148
   nsubjpass      0.067     0.069     0.068        29
      nummod      0.623     0.731     0.673        52
        oprd      0.000     0.000     0.000        12
   parataxis      0.694     0.625     0.658        40
       pcomp      0.273     0.182     0.218        33
        pobj      0.749     0.746     0.747       674
        poss      0.723     0.803     0.761       218
     preconj      1.000     1.000     1.000         1
      predet      0.250     0.300     0.273        10
        prep      0.864     0.856     0.860       730
         prt      0.670     0.750     0.708        92
       punct      0.995     0.995     0.995      2140
    quantmod      0.000     0.000     0.000         4
       relcl      0.551     0.596     0.573        99
       xcomp      0.551     0.682     0.610       110

    accuracy                          0.789     10617
   macro avg      0.575     0.576     0.573     10617
weighted avg      0.789     0.789     0.788     10617
