Accuracy: 0.7940096072336819
Macro F1: 0.5786672037496828

Per-class F1 and support:
              precision    recall  f1-score   support

        ROOT      0.661     0.690     0.675       748
         acl      0.250     0.174     0.205        23
       acomp      0.699     0.775     0.735       111
       advcl      0.451     0.490     0.470       151
      advmod      0.840     0.852     0.846       568
       agent      1.000     1.000     1.000         1
        amod      0.677     0.666     0.671       287
       appos      0.167     0.240     0.197        50
        attr      0.444     0.425     0.434       113
         aux      0.752     0.725     0.738       397
     auxpass      0.088     0.097     0.092        31
        case      0.881     0.925     0.902        40
          cc      0.994     0.991     0.992       316
       ccomp      0.429     0.322     0.368       242
    compound      0.427     0.392     0.409       194
        conj      0.596     0.589     0.592       253
       csubj      0.000     0.000     0.000         4
      dative      0.769     0.556     0.645        18
         dep      0.056     0.062     0.059        16
         det      0.951     0.924     0.938       714
        dobj      0.663     0.708     0.685       459
        expl      1.000     1.000     1.000        18
        intj      0.859     0.898     0.878       177
        mark      0.673     0.718     0.695       103
         neg      0.978     0.936     0.957        94
        nmod      0.000     0.000     0.000        11
    npadvmod      0.420     0.395     0.407        86
       nsubj      0.850     0.852     0.851      1148
   nsubjpass      0.091     0.069     0.078        29
      nummod      0.621     0.692     0.655        52
        oprd      0.000     0.000     0.000        12
   parataxis      0.692     0.675     0.684        40
       pcomp      0.519     0.424     0.467        33
        pobj      0.757     0.745     0.751       674
        poss      0.719     0.821     0.767       218
     preconj      1.000     1.000     1.000         1
      predet      0.214     0.300     0.250        10
        prep      0.868     0.862     0.865       730
         prt      0.729     0.761     0.745        92
       punct      0.995     0.997     0.996      2140
    quantmod      0.000     0.000     0.000         4
       relcl      0.567     0.556     0.561        99
       xcomp      0.595     0.655     0.623       110

    accuracy                          0.794     10617
   macro avg      0.580     0.580     0.579     10617
weighted avg      0.792     0.794     0.792     10617
