Accuracy: 0.9891165172855314
Macro F1: 0.9897797687993761

Per-class F1 and support:
              precision    recall  f1-score   support

         ADJ      1.000     1.000     1.000       107
         ADP      0.993     0.987     0.990       150
         ADV      1.000     1.000     1.000        64
         AUX      0.979     0.968     0.974        95
       CCONJ      1.000     1.000     1.000        44
         DET      0.957     0.978     0.967       136
        INTJ      1.000     1.000     1.000         5
        NOUN      0.995     0.986     0.990       207
         NUM      0.962     1.000     0.980        25
        PART      1.000     1.000     1.000        30
        PRON      1.000     0.990     0.995        97
       PROPN      0.985     0.990     0.987       193
       PUNCT      0.984     0.995     0.990       191
       SCONJ      1.000     1.000     1.000        44
         SYM      1.000     1.000     1.000         6
        VERB      1.000     0.994     0.997       156
           _      1.000     0.917     0.957        12

    accuracy                          0.989      1562
   macro avg      0.991     0.988     0.990      1562
weighted avg      0.989     0.989     0.989      1562
