Accuracy: 0.30959617889709073
Macro F1: 0.44124002110243443

Per-class F1 and support:
              precision    recall  f1-score   support

        ROOT      0.306     0.268     0.286      2959
         acl      0.632     0.638     0.635        94
       acomp      0.420     0.239     0.305       494
       advcl      0.296     0.089     0.137       672
      advmod      0.268     0.154     0.196      2416
       agent      0.913     0.955     0.933        22
        amod      0.311     0.151     0.204      1175
       appos      0.383     0.200     0.263       230
        attr      0.348     0.151     0.210       478
         aux      0.318     0.191     0.239      1628
     auxpass      0.445     0.374     0.407       163
        case      0.850     0.911     0.879       168
          cc      0.288     0.121     0.170      1455
       ccomp      0.335     0.131     0.188      1086
    compound      0.351     0.166     0.226       818
        conj      0.270     0.088     0.133      1137
       csubj      0.789     0.938     0.857        16
      dative      0.892     0.892     0.892        65
         dep      0.704     0.719     0.711        96
         det      0.284     0.232     0.255      2918
        dobj      0.305     0.161     0.210      1960
        expl      0.844     0.910     0.876        89
        intj      0.300     0.100     0.150       668
        mark      0.308     0.119     0.172       477
         neg      0.416     0.332     0.369       374
        nmod      0.829     0.935     0.879        31
    npadvmod      0.376     0.221     0.278       321
       nsubj      0.267     0.333     0.296      4769
   nsubjpass      0.500     0.504     0.502       133
      nummod      0.457     0.399     0.426       238
        oprd      0.978     0.938     0.957        48
   parataxis      0.393     0.269     0.319       171
       pcomp      0.634     0.661     0.647       118
        pobj      0.262     0.185     0.217      2686
        poss      0.394     0.304     0.343       974
     preconj      1.000     1.000     1.000         8
      predet      0.864     0.905     0.884        42
        prep      0.304     0.249     0.274      2877
         prt      0.411     0.250     0.311       380
       punct      0.299     0.649     0.410      8423
    quantmod      0.882     0.938     0.909        16
       relcl      0.311     0.133     0.186       376
       xcomp      0.347     0.174     0.232       488

    accuracy                          0.310     43757
   macro avg      0.490     0.425     0.441     43757
weighted avg      0.312     0.310     0.286     43757
