Accuracy: 0.3082706766917293
Macro F1: 0.4391605841406907

Per-class F1 and support:
              precision    recall  f1-score   support

        ROOT      0.312     0.274     0.292      2959
         acl      0.638     0.638     0.638        94
       acomp      0.434     0.255     0.321       494
       advcl      0.304     0.088     0.136       672
      advmod      0.277     0.157     0.200      2416
       agent      1.000     0.955     0.977        22
        amod      0.315     0.153     0.206      1175
       appos      0.412     0.204     0.273       230
        attr      0.342     0.144     0.203       478
         aux      0.319     0.195     0.242      1628
     auxpass      0.439     0.374     0.404       163
        case      0.811     0.893     0.850       168
          cc      0.279     0.120     0.168      1455
       ccomp      0.334     0.126     0.183      1086
    compound      0.344     0.165     0.223       818
        conj      0.263     0.085     0.129      1137
       csubj      0.833     0.938     0.882        16
      dative      0.879     0.892     0.885        65
         dep      0.739     0.708     0.723        96
         det      0.280     0.230     0.252      2918
        dobj      0.297     0.159     0.207      1960
        expl      0.794     0.865     0.828        89
        intj      0.281     0.081     0.126       668
        mark      0.322     0.124     0.179       477
         neg      0.413     0.324     0.363       374
        nmod      0.857     0.968     0.909        31
    npadvmod      0.390     0.227     0.287       321
       nsubj      0.258     0.336     0.292      4769
   nsubjpass      0.472     0.451     0.462       133
      nummod      0.451     0.391     0.419       238
        oprd      0.978     0.938     0.957        48
   parataxis      0.436     0.257     0.324       171
       pcomp      0.557     0.619     0.586       118
        pobj      0.270     0.180     0.216      2686
        poss      0.387     0.299     0.337       974
     preconj      1.000     1.000     1.000         8
      predet      0.884     0.905     0.894        42
        prep      0.301     0.244     0.270      2877
         prt      0.406     0.245     0.305       380
       punct      0.299     0.646     0.409      8423
    quantmod      0.882     0.938     0.909        16
       relcl      0.302     0.128     0.179       376
       xcomp      0.360     0.174     0.235       488

    accuracy                          0.308     43757
   macro avg      0.492     0.421     0.439     43757
weighted avg      0.312     0.308     0.285     43757
