Accuracy: 0.20212866158048412
Macro F1: 0.009719730498871728

Per-class F1 and support:
              precision    recall  f1-score   support

        ROOT      0.000     0.000     0.000       748
         acl      0.000     0.000     0.000        23
       acomp      0.000     0.000     0.000       111
       advcl      0.000     0.000     0.000       151
      advmod      0.000     0.000     0.000       568
       agent      0.000     0.000     0.000         1
        amod      0.012     0.003     0.005       287
       appos      0.000     0.000     0.000        50
        attr      0.000     0.000     0.000       113
         aux      0.000     0.000     0.000       397
     auxpass      0.000     0.000     0.000        31
        case      0.000     0.000     0.000        40
          cc      0.000     0.000     0.000       316
       ccomp      0.000     0.000     0.000       242
    compound      0.000     0.000     0.000       194
        conj      0.000     0.000     0.000       253
       csubj      0.000     0.000     0.000         4
      dative      0.000     0.000     0.000        18
         dep      0.000     0.000     0.000        16
         det      0.000     0.000     0.000       714
        dobj      0.000     0.000     0.000       459
        expl      0.000     0.000     0.000        18
        intj      0.700     0.040     0.075       177
        mark      0.000     0.000     0.000       103
         neg      0.000     0.000     0.000        94
        nmod      0.000     0.000     0.000        11
    npadvmod      0.000     0.000     0.000        86
       nsubj      0.000     0.000     0.000      1148
   nsubjpass      0.000     0.000     0.000        29
      nummod      0.000     0.000     0.000        52
        oprd      0.000     0.000     0.000        12
   parataxis      0.000     0.000     0.000        40
       pcomp      0.000     0.000     0.000        33
        pobj      0.000     0.000     0.000       674
        poss      0.000     0.000     0.000       218
     preconj      0.000     0.000     0.000         1
      predet      0.000     0.000     0.000        10
        prep      0.000     0.000     0.000       730
         prt      0.000     0.000     0.000        92
       punct      0.203     0.999     0.338      2140
    quantmod      0.000     0.000     0.000         4
       relcl      0.000     0.000     0.000        99
       xcomp      0.000     0.000     0.000       110

    accuracy                          0.202     10617
   macro avg      0.021     0.024     0.010     10617
weighted avg      0.053     0.202     0.069     10617
