Accuracy: 0.20655552415936707
Macro F1: 0.03622874985321525

Per-class F1 and support:
              precision    recall  f1-score   support

         ADJ      0.062     0.002     0.004       432
         ADP      0.000     0.000     0.000       831
         ADV      0.000     0.000     0.000       514
         AUX      0.000     0.000     0.000       532
       CCONJ      0.000     0.000     0.000       319
         DET      0.000     0.000     0.000       724
        INTJ      0.000     0.000     0.000       188
        NOUN      0.132     0.282     0.180      1321
         NUM      0.000     0.000     0.000        87
        PART      0.000     0.000     0.000       252
        PRON      0.275     0.016     0.030      1397
       PROPN      0.000     0.000     0.000       405
       PUNCT      0.234     0.841     0.366      2137
       SCONJ      0.000     0.000     0.000       172
        VERB      0.000     0.000     0.000      1305
           X      0.000     0.000     0.000         1

    accuracy                          0.207     10617
   macro avg      0.044     0.071     0.036     10617
weighted avg      0.102     0.207     0.100     10617
