Accuracy: 0.20693227842139963
Macro F1: 0.035427591257230044

Per-class F1 and support:
              precision    recall  f1-score   support

         ADJ      0.000     0.000     0.000       432
         ADP      0.000     0.000     0.000       831
         ADV      0.000     0.000     0.000       514
         AUX      0.000     0.000     0.000       532
       CCONJ      0.000     0.000     0.000       319
         DET      0.000     0.000     0.000       724
        INTJ      0.000     0.000     0.000       188
        NOUN      0.124     0.288     0.174      1321
         NUM      0.000     0.000     0.000        87
        PART      0.000     0.000     0.000       252
        PRON      0.143     0.004     0.008      1397
       PROPN      0.500     0.005     0.010       405
       PUNCT      0.241     0.846     0.375      2137
       SCONJ      0.000     0.000     0.000       172
        VERB      0.000     0.000     0.000      1305
           X      0.000     0.000     0.000         1

    accuracy                          0.207     10617
   macro avg      0.063     0.071     0.035     10617
weighted avg      0.102     0.207     0.099     10617
