Accuracy: 0.16770186335403728
Macro F1: 0.10415435272119666

Per-class F1 and support:
              precision    recall  f1-score   support

         ADJ      0.184     0.259     0.215        27
         ADP      0.000     0.000     0.000        24
         ADV      0.040     0.062     0.049        16
         AUX      0.083     0.067     0.074        15
       CCONJ      0.333     0.143     0.200         7
         DET      0.077     0.083     0.080        24
        INTJ      0.000     0.000     0.000         0
        NOUN      0.204     0.297     0.242        37
         NUM      0.000     0.000     0.000         9
        PART      0.000     0.000     0.000         9
        PRON      0.208     0.200     0.204        25
       PROPN      0.143     0.116     0.128        43
       PUNCT      0.383     0.375     0.379        48
       SCONJ      0.000     0.000     0.000         7
         SYM      0.000     0.000     0.000         0
        VERB      0.086     0.107     0.095        28
           _      0.000     0.000     0.000         3

    accuracy                          0.168       322
   macro avg      0.102     0.101     0.098       322
weighted avg      0.157     0.168     0.160       322
