Accuracy: 0.15217391304347827
Macro F1: 0.08906558336710327

Per-class F1 and support:
              precision    recall  f1-score   support

         ADJ      0.125     0.185     0.149        27
         ADP      0.000     0.000     0.000        24
         ADV      0.037     0.062     0.047        16
         AUX      0.111     0.067     0.083        15
       CCONJ      0.000     0.000     0.000         7
         DET      0.062     0.042     0.050        24
        INTJ      0.000     0.000     0.000         0
        NOUN      0.173     0.243     0.202        37
         NUM      0.000     0.000     0.000         9
        PART      0.000     0.000     0.000         9
        PRON      0.118     0.160     0.136        25
       PROPN      0.195     0.186     0.190        43
       PUNCT      0.439     0.375     0.404        48
       SCONJ      0.000     0.000     0.000         7
         SYM      0.000     0.000     0.000         0
        VERB      0.077     0.071     0.074        28
           _      0.000     0.000     0.000         3

    accuracy                          0.152       322
   macro avg      0.079     0.082     0.079       322
weighted avg      0.149     0.152     0.148       322
