Accuracy: 0.11180124223602485
Macro F1: 0.027237621213421437

Per-class F1 and support:
              precision    recall  f1-score   support

         ADJ      0.000     0.000     0.000        27
         ADP      0.000     0.000     0.000        24
         ADV      0.000     0.000     0.000        16
         AUX      0.000     0.000     0.000        15
       CCONJ      0.000     0.000     0.000         7
         DET      0.000     0.000     0.000        24
        INTJ      0.000     0.000     0.000         0
        NOUN      0.115     0.730     0.199        37
         NUM      0.000     0.000     0.000         9
        PART      0.000     0.000     0.000         9
        PRON      0.000     0.000     0.000        25
       PROPN      0.116     0.116     0.116        43
       PUNCT      0.105     0.083     0.093        48
       SCONJ      0.000     0.000     0.000         7
         SYM      0.000     0.000     0.000         0
        VERB      0.000     0.000     0.000        28
           _      0.000     0.000     0.000         3

    accuracy                          0.112       322
   macro avg      0.020     0.055     0.024       322
weighted avg      0.044     0.112     0.052       322
