Accuracy: 0.09627329192546584
Macro F1: 0.021172439593268318

Per-class F1 and support:
              precision    recall  f1-score   support

         ADJ      0.000     0.000     0.000        27
         ADP      0.000     0.000     0.000        24
         ADV      0.000     0.000     0.000        16
         AUX      0.000     0.000     0.000        15
       CCONJ      0.000     0.000     0.000         7
         DET      0.000     0.000     0.000        24
        INTJ      0.000     0.000     0.000         0
        NOUN      0.105     0.676     0.181        37
         NUM      0.000     0.000     0.000         9
        PART      0.000     0.000     0.000         9
        PRON      0.000     0.000     0.000        25
       PROPN      0.067     0.047     0.055        43
       PUNCT      0.080     0.083     0.082        48
       SCONJ      0.000     0.000     0.000         7
         SYM      0.000     0.000     0.000         0
        VERB      0.000     0.000     0.000        28
           _      0.000     0.000     0.000         3

    accuracy                          0.096       322
   macro avg      0.015     0.047     0.019       322
weighted avg      0.033     0.096     0.040       322
