Accuracy: 0.326667733162694
Macro F1: 0.3205173870252265

Per-class F1 and support:
              precision    recall  f1-score   support

         ADJ      0.352     0.156     0.216      1784
         ADP      0.321     0.238     0.273      3308
         ADV      0.304     0.119     0.171      2230
         AUX      0.356     0.230     0.279      2253
       CCONJ      0.324     0.106     0.160      1470
         DET      0.300     0.209     0.246      2962
        INTJ      0.286     0.067     0.108       721
        NOUN      0.318     0.337     0.327      5526
         NUM      0.466     0.281     0.351       391
        PART      0.448     0.281     0.345      1022
        PRON      0.304     0.382     0.338      5881
       PROPN      0.515     0.329     0.402      1592
       PUNCT      0.326     0.569     0.414      8399
       SCONJ      0.335     0.123     0.179       742
        VERB      0.320     0.314     0.317      5474
           X      1.000     1.000     1.000         2

    accuracy                          0.327     43757
   macro avg      0.392     0.296     0.321     43757
weighted avg      0.331     0.327     0.311     43757
