Accuracy: 0.3260963960052106
Macro F1: 0.3193344244325067

Per-class F1 and support:
              precision    recall  f1-score   support

         ADJ      0.353     0.156     0.216      1784
         ADP      0.323     0.241     0.276      3308
         ADV      0.300     0.117     0.168      2230
         AUX      0.361     0.231     0.282      2253
       CCONJ      0.326     0.103     0.157      1470
         DET      0.303     0.209     0.247      2962
        INTJ      0.308     0.062     0.104       721
        NOUN      0.309     0.340     0.323      5526
         NUM      0.454     0.279     0.345       391
        PART      0.447     0.277     0.342      1022
        PRON      0.301     0.379     0.335      5881
       PROPN      0.521     0.329     0.403      1592
       PUNCT      0.329     0.564     0.415      8399
       SCONJ      0.327     0.120     0.176       742
        VERB      0.319     0.319     0.319      5474
           X      1.000     1.000     1.000         2

    accuracy                          0.326     43757
   macro avg      0.393     0.295     0.319     43757
weighted avg      0.331     0.326     0.311     43757
