Accuracy: 0.9270038617311859
Macro F1: 0.849872290478767

Per-class F1 and support:
              precision    recall  f1-score   support

         ADJ      0.760     0.762     0.761       432
         ADP      0.917     0.919     0.918       831
         ADV      0.843     0.868     0.855       514
         AUX      0.919     0.912     0.915       532
       CCONJ      1.000     0.987     0.994       319
         DET      0.929     0.923     0.926       724
        INTJ      0.945     0.915     0.930       188
        NOUN      0.897     0.893     0.895      1321
         NUM      0.943     0.943     0.943        87
        PART      0.878     0.885     0.881       252
        PRON      0.959     0.960     0.959      1397
       PROPN      0.861     0.869     0.865       405
       PUNCT      0.999     0.998     0.999      2137
       SCONJ      0.831     0.831     0.831       172
        VERB      0.926     0.927     0.926      1305
           X      0.000     0.000     0.000         1

    accuracy                          0.927     10617
   macro avg      0.850     0.849     0.850     10617
weighted avg      0.927     0.927     0.927     10617
