Accuracy: 0.9261561646416125
Macro F1: 0.8477380462978488

Per-class F1 and support:
              precision    recall  f1-score   support

         ADJ      0.771     0.750     0.761       432
         ADP      0.917     0.903     0.910       831
         ADV      0.842     0.860     0.851       514
         AUX      0.929     0.908     0.918       532
       CCONJ      1.000     0.987     0.994       319
         DET      0.929     0.923     0.926       724
        INTJ      0.935     0.926     0.930       188
        NOUN      0.897     0.900     0.898      1321
         NUM      0.899     0.920     0.909        87
        PART      0.907     0.893     0.900       252
        PRON      0.956     0.958     0.957      1397
       PROPN      0.844     0.872     0.858       405
       PUNCT      0.999     0.998     0.998      2137
       SCONJ      0.827     0.831     0.829       172
        VERB      0.918     0.933     0.925      1305
           X      0.000     0.000     0.000         1

    accuracy                          0.926     10617
   macro avg      0.848     0.847     0.848     10617
weighted avg      0.926     0.926     0.926     10617
